Digite os coeficientes da equacao:
X1 = -0.02466
X2 = -19.68408