R1 = 5.00000
R2 = -2.00000