R1 = 0.66667
R2 = 0.66667