numero=10.250000
piso=10.000000
teto=11.000000
raiz=3.201562
seno=-0.734698
cosseno=-0.678394
pot3=1076.890625