numero=50.505001
piso=50.000000
teto=51.000000
raiz=7.106687
seno=0.237235
cosseno=0.971452
pot3=128825.890711