Chave: 61
Estado Atual: 50 | 61 | 14 | 77 | 16 | 96 | 5 | 71 | 23 | 69

Chave: 14
Estado Atual: 50 | 61 | 14 | 77 | 16 | 96 | 5 | 71 | 23 | 69
50 | 14 | 61 | 77 | 16 | 96 | 5 | 71 | 23 | 69
14 | 50 | 61 | 77 | 16 | 96 | 5 | 71 | 23 | 69

Chave: 77
Estado Atual: 14 | 50 | 61 | 77 | 16 | 96 | 5 | 71 | 23 | 69

Chave: 16
Estado Atual: 14 | 50 | 61 | 77 | 16 | 96 | 5 | 71 | 23 | 69
14 | 50 | 61 | 16 | 77 | 96 | 5 | 71 | 23 | 69
14 | 50 | 16 | 61 | 77 | 96 | 5 | 71 | 23 | 69
14 | 16 | 50 | 61 | 77 | 96 | 5 | 71 | 23 | 69

Chave: 96
Estado Atual: 14 | 16 | 50 | 61 | 77 | 96 | 5 | 71 | 23 | 69

Chave: 5
Estado Atual: 14 | 16 | 50 | 61 | 77 | 96 | 5 | 71 | 23 | 69
14 | 16 | 50 | 61 | 77 | 5 | 96 | 71 | 23 | 69
14 | 16 | 50 | 61 | 5 | 77 | 96 | 71 | 23 | 69
14 | 16 | 50 | 5 | 61 | 77 | 96 | 71 | 23 | 69
14 | 16 | 5 | 50 | 61 | 77 | 96 | 71 | 23 | 69
14 | 5 | 16 | 50 | 61 | 77 | 96 | 71 | 23 | 69
5 | 14 | 16 | 50 | 61 | 77 | 96 | 71 | 23 | 69

Chave: 71
Estado Atual: 5 | 14 | 16 | 50 | 61 | 77 | 96 | 71 | 23 | 69
5 | 14 | 16 | 50 | 61 | 77 | 71 | 96 | 23 | 69
5 | 14 | 16 | 50 | 61 | 71 | 77 | 96 | 23 | 69

Chave: 23
Estado Atual: 5 | 14 | 16 | 50 | 61 | 71 | 77 | 96 | 23 | 69
5 | 14 | 16 | 50 | 61 | 71 | 77 | 23 | 96 | 69
5 | 14 | 16 | 50 | 61 | 71 | 23 | 77 | 96 | 69
5 | 14 | 16 | 50 | 61 | 23 | 71 | 77 | 96 | 69
5 | 14 | 16 | 50 | 23 | 61 | 71 | 77 | 96 | 69
5 | 14 | 16 | 23 | 50 | 61 | 71 | 77 | 96 | 69

Chave: 69
Estado Atual: 5 | 14 | 16 | 23 | 50 | 61 | 71 | 77 | 96 | 69
5 | 14 | 16 | 23 | 50 | 61 | 71 | 77 | 69 | 96
5 | 14 | 16 | 23 | 50 | 61 | 71 | 69 | 77 | 96
5 | 14 | 16 | 23 | 50 | 61 | 69 | 71 | 77 | 96

Resultado Final: 5 | 14 | 16 | 23 | 50 | 61 | 69 | 71 | 77 | 96