fx =

 Columns 1 through 8:

   0.97753   0.75680   0.35078  -0.14112  -0.59847  -0.90930  -0.99749  -0.84147

 Columns 9 through 16:

  -0.47943   0.00000   0.47943   0.84147   0.99749   0.90930   0.59847   0.14112

 Columns 17 through 21:

  -0.35078  -0.75680  -0.97753  -0.95892  -0.70554