numero=0.000000
piso=0.000000
teto=0.000000
raiz=0.000000
seno=0.000000
cosseno=1.000000
pot3=0.000000