ordenado por idade:
Bruno 101 18 8.00
Ana 102 20 7.50
Carlos 103 22 6.50
ordenado por nota:
Carlos 103 22 6.50
Ana 102 20 7.50
Bruno 101 18 8.00
ordenado por matricula:
Bruno 101 18 8.00
Ana 102 20 7.50
Carlos 103 22 6.50