ordenado por nota:
Joao 200 21 6.00
Pedro 180 20 7.50
Maria 150 19 9.00
ordenado por idade:
Maria 150 19 9.00
Pedro 180 20 7.50
Joao 200 21 6.00
ordenado por matricula:
Maria 150 19 9.00
Pedro 180 20 7.50
Joao 200 21 6.00